image_width: 640
image_height: 480
camera_name: camera_node
camera_matrix:
  rows: 3
  cols: 3
  data: [498.4, 0.0, 320.5, 0.0, 498.4, 240.5, 0.0, 0.0, 1.0]
distortion_model: plumb_bob
distortion_coefficients:
  rows: 1
  cols: 5
  data: [0.15, -0.28, 0.0, 0.0, 0.0]
rectification_matrix:
  rows: 3
  cols: 3
  data: [1.0, 0.0, 0.0, 0.0, 1.0, 0.0, 0.0, 0.0, 1.0]
projection_matrix:
  rows: 3
  cols: 4
  data: [500.0, 0.0, 320.5, 0.0, 0.0, 500.0, 240.5, 0.0, 0.0, 0.0, 1.0, 0.0]